0.         0.         1.        
 0.         0.09053575 0.99589321
 0.         0.19611614 0.98058068
 0.         0.31622777 0.9486833 
 0.         0.4472136  0.89442719
 0.         0.58123819 0.81373347
 0.         0.70710678 0.70710678
 0.         0.81373347 0.58123819
 0.         0.89442719 0.4472136 
 0.         0.9486833  0.31622777
 0.         0.98058068 0.19611614
 0.         0.99589321 0.09053575
 0.         1.         0.        
 0.09053575 0.         0.99589321
 0.09901475 0.09901475 0.99014754
 0.10783277 0.21566555 0.97049496
 0.11624764 0.34874292 0.92998111
 0.12309149 0.49236596 0.86164044
 0.12700013 0.63500064 0.76200076
 0.12700013 0.76200076 0.63500064
 0.12309149 0.86164044 0.49236596
 0.11624764 0.92998111 0.34874292
 0.10783277 0.97049496 0.21566555
 0.09901475 0.99014754 0.09901475
 0.09053575 0.99589321 0.        
 0.19611614 0.         0.98058068
 0.21566555 0.10783277 0.97049496
 0.23570226 0.23570226 0.94280904
 0.25400025 0.38100038 0.88900089
 0.26726124 0.53452248 0.80178373
 0.27216553 0.68041382 0.68041382
 0.26726124 0.80178373 0.53452248
 0.25400025 0.88900089 0.38100038
 0.23570226 0.94280904 0.23570226
 0.21566555 0.97049496 0.10783277
 0.19611614 0.98058068 0.        
 0.31622777 0.         0.9486833 
 0.34874292 0.11624764 0.92998111
 0.38100038 0.25400025 0.88900089
 0.40824829 0.40824829 0.81649658
 0.42426407 0.56568542 0.70710678
 0.42426407 0.70710678 0.56568542
 0.40824829 0.81649658 0.40824829
 0.38100038 0.88900089 0.25400025
 0.34874292 0.92998111 0.11624764
 0.31622777 0.9486833  0.        
 0.4472136  0.         0.89442719
 0.49236596 0.12309149 0.86164044
 0.53452248 0.26726124 0.80178373
 0.56568542 0.42426407 0.70710678
 0.57735027 0.57735027 0.57735027
 0.56568542 0.70710678 0.42426407
 0.53452248 0.80178373 0.26726124
 0.49236596 0.86164044 0.12309149
 0.4472136  0.89442719 0.        
 0.58123819 0.         0.81373347
 0.63500064 0.12700013 0.76200076
 0.68041382 0.27216553 0.68041382
 0.70710678 0.42426407 0.56568542
 0.70710678 0.56568542 0.42426407
 0.68041382 0.68041382 0.27216553
 0.63500064 0.76200076 0.12700013
 0.58123819 0.81373347 0.        
 0.70710678 0.         0.70710678
 0.76200076 0.12700013 0.63500064
 0.80178373 0.26726124 0.53452248
 0.81649658 0.40824829 0.40824829
 0.80178373 0.53452248 0.26726124
 0.76200076 0.63500064 0.12700013
 0.70710678 0.70710678 0.        
 0.81373347 0.         0.58123819
 0.86164044 0.12309149 0.49236596
 0.88900089 0.25400025 0.38100038
 0.88900089 0.38100038 0.25400025
 0.86164044 0.49236596 0.12309149
 0.81373347 0.58123819 0.        
 0.89442719 0.         0.4472136 
 0.92998111 0.11624764 0.34874292
 0.94280904 0.23570226 0.23570226
 0.92998111 0.34874292 0.11624764
 0.89442719 0.4472136  0.        
 0.9486833  0.         0.31622777
 0.97049496 0.10783277 0.21566555
 0.97049496 0.21566555 0.10783277
 0.9486833  0.31622777 0.        
 0.98058068 0.         0.19611614
 0.99014754 0.09901475 0.09901475
 0.98058068 0.19611614 0.        
 0.99589321 0.         0.09053575
 0.99589321 0.09053575 0.        
 1.         0.         0.        