8.30779134e-17 8.30779134e-17 6.00000000e+00
 8.30779134e-17 4.00000000e+00 4.50471953e-16
 1.39876607e-02 7.30585939e-01 5.89892266e+00
 1.63807093e-02 1.29276768e+00 5.67778799e+00
 1.96373217e-02 1.74837373e+00 5.39617506e+00
 1.98673422e-02 2.80931213e+00 4.27070483e+00
 2.47481494e-02 3.82049623e-01 5.97210796e+00
 2.86285956e-02 3.28325969e+00 3.42608912e+00
 3.51714703e-02 3.94159775e+00 1.01608701e+00
 3.94995528e-02 3.59555767e+00 2.62638143e+00
 5.33401700e-02 2.30434486e+00 4.90172232e+00
 6.68443096e-02 3.79418809e+00 1.88920464e+00
 1.38467382e-01 3.96696624e+00 6.47760365e-01
 1.81417218e-01 2.33471226e-02 5.97516223e+00
 1.99907320e-01 3.93551700e-01 5.94069415e+00
 2.08936707e-01 8.47098237e-01 5.83031426e+00
 2.21410560e-01 3.88696929e+00 1.25084100e+00
 2.35416372e-01 3.95798013e+00 5.03584313e-01
 2.37078632e-01 1.41979989e+00 5.56403829e+00
 2.39088465e-01 3.72025609e+00 2.08442875e+00
 2.40669933e-01 3.96972996e+00 1.46632134e-01
 2.44532387e-01 1.97619967e+00 5.16476172e+00
 2.50624205e-01 2.53686374e+00 4.57759904e+00
 2.57025756e-01 3.43520453e+00 2.97557087e+00
 2.71247541e-01 3.04768201e+00 3.79986846e+00
 3.78582566e-01 5.68598852e-02 5.89090849e+00
 3.93960144e-01 3.92136780e+00 6.80180335e-02
 4.03465045e-01 3.88972289e+00 7.01832797e-01
 4.28869082e-01 4.26810766e-01 5.82535536e+00
 4.69958337e-01 9.36009564e-01 5.66047667e+00
 4.82492421e-01 3.77594959e+00 1.35084054e+00
 5.00881508e-01 1.52164945e+00 5.34157009e+00
 5.14973708e-01 3.55309403e+00 2.28213607e+00
 5.32734879e-01 3.20323489e+00 3.21856117e+00
 5.34923099e-01 2.13993861e+00 4.80845159e+00
 5.47845133e-01 2.70941994e+00 4.09653994e+00
 5.85858665e-01 3.82285788e+00 1.69945077e-01
 6.36655669e-01 1.01711623e-01 5.68583760e+00
 6.78456527e-01 3.73422106e+00 6.94517835e-01
 6.98351311e-01 4.63595307e-01 5.57917356e+00
 7.57443509e-01 3.56115228e+00 1.51738309e+00
 7.60036170e-01 1.02209156e+00 5.33390992e+00
 8.14037767e-01 3.26673430e+00 2.45460556e+00
 8.15148131e-01 1.62779860e+00 4.90488665e+00
 8.46708032e-01 2.26860352e+00 4.23886839e+00
 8.50057922e-01 2.82874919e+00 3.39006111e+00
 8.72395820e-01 4.72267890e-02 5.39863978e+00
 9.04806974e-01 3.56671176e+00 9.32486866e-02
 9.86398479e-01 4.93333106e-01 5.16677490e+00
 9.90163145e-01 3.43803949e+00 7.62189324e-01
 1.06416683e+00 3.21172078e+00 1.61209563e+00
 1.06769635e+00 1.06865769e+00 4.81359063e+00
 1.13257257e+00 1.69342397e+00 4.24302058e+00
 1.13325498e+00 2.82663646e+00 2.54251502e+00
 1.15717328e+00 2.30285104e+00 3.46648575e+00
 1.15822627e+00 4.69705299e-02 4.89097568e+00
 1.18526473e+00 3.22156579e+00 6.88035606e-02
 1.27175196e+00 3.04629197e+00 7.51038848e-01
 1.28028177e+00 4.96501266e-01 4.54898362e+00
 1.35701927e+00 1.08726539e+00 4.09471119e+00
 1.36474144e+00 2.72089247e+00 1.60623838e+00
 1.40807086e+00 2.84008742e+00 8.55032441e-02
 1.41343690e+00 1.69635976e+00 3.39780564e+00
 1.41431667e+00 2.26323825e+00 2.54407518e+00
 1.41955510e+00 2.18255575e-02 4.22642851e+00
 1.51891849e+00 5.15766885e-01 3.82589138e+00
 1.51918878e+00 2.54722500e+00 7.93593082e-01
 1.60342030e+00 1.08007533e+00 3.19947246e+00
 1.60460833e+00 2.13227688e+00 1.61159185e+00
 1.63442582e+00 1.62549710e+00 2.45210694e+00
 1.63617639e+00 5.75467644e-02 3.44947679e+00
 1.63657023e+00 2.29869646e+00 7.56880845e-02
 1.72199306e+00 1.96943516e+00 7.65271575e-01
 1.72616401e+00 4.86780853e-01 2.94110015e+00
 1.77785954e+00 1.51892529e+00 1.53684333e+00
 1.78423295e+00 1.00304776e+00 2.25496766e+00
 1.78566850e+00 1.79895618e+00 1.44722448e-01
 1.79295004e+00 1.52662894e-01 2.64868514e+00
 1.85792102e+00 1.40314437e+00 7.09460048e-01
 1.86535095e+00 4.51156495e-01 2.05577789e+00
 1.88498141e+00 9.54347470e-01 1.40440474e+00
 1.89572169e+00 3.92432030e-02 1.91120080e+00
 1.90085609e+00 1.23676375e+00 1.97862928e-01
 1.94012660e+00 4.59041384e-01 1.28415784e+00
 1.94050306e+00 8.68982920e-01 6.41081309e-01
 1.94477787e+00 9.01345398e-02 1.39365406e+00
 1.95205656e+00 8.59470290e-01 2.07908630e-01
 1.97961964e+00 1.77691302e-01 8.11734346e-01
 1.98281484e+00 4.99208381e-01 2.35132854e-01
 1.98309608e+00 3.82978456e-01 5.25315515e-01
 2.00000000e+00 3.28007273e-16 4.50471953e-16