2.64338815e-17 2.64338815e-17 6.00000000e+00
 2.64338815e-17 2.82842712e+00 4.24264069e+00
 2.64338815e-17 4.00000000e+00 3.93827921e-16
 2.64338815e-17 4.00000000e+00 3.93827921e-16
 4.39555164e-02 2.36432753e+00 4.83787254e+00
 6.49719095e-02 2.32477766e-01 5.98668561e+00
 7.08155656e-02 3.55053610e+00 2.75511824e+00
 7.48469327e-02 9.93920743e-01 5.80748267e+00
 8.09250370e-02 3.82163757e+00 1.75499414e+00
 9.36044296e-02 1.26519596e+00 5.68502613e+00
 1.15318619e-01 2.01648660e+00 5.17023438e+00
 1.18229692e-01 3.90682135e+00 1.23768989e+00
 1.45152662e-01 3.19952848e+00 3.57451616e+00
 1.91935562e-01 3.26115487e-02 5.97210631e+00
 2.01084724e-01 3.96482035e+00 5.16268847e-01
 2.01084724e-01 3.96482035e+00 5.16268847e-01
 2.04375088e-01 3.77118140e-01 5.94172422e+00
 2.15315585e-01 3.71195195e+00 2.14031104e+00
 2.16899846e-01 8.49463392e-01 5.82692174e+00
 2.33273035e-01 1.33910580e+00 5.61030689e+00
 2.42780128e-01 3.42603500e+00 3.00992685e+00
 2.43948804e-01 3.05569265e+00 3.80204830e+00
 2.47387300e-01 3.87771560e+00 1.27148320e+00
 2.50755731e-01 2.55064598e+00 4.56026923e+00
 2.53679546e-01 1.95715261e+00 5.17709532e+00
 3.98497460e-01 6.75699298e-02 5.87882005e+00
 4.25447373e-01 3.87433379e+00 7.72923438e-01
 4.34193374e-01 4.12703181e-01 5.82409274e+00
 4.62996881e-01 3.88626177e+00 2.98138104e-01
 4.64134131e-01 3.77697595e+00 1.40133294e+00
 4.69098694e-01 9.49248195e-01 5.65615642e+00
 5.09970962e-01 1.52416484e+00 5.33220780e+00
 5.10731199e-01 3.57232376e+00 2.22238935e+00
 5.21024588e-01 2.14249027e+00 4.81961671e+00
 5.26251396e-01 3.21217197e+00 3.20810310e+00
 5.45970260e-01 2.72788456e+00 4.07114252e+00
 6.53410526e-01 2.00901749e-02 5.67067756e+00
 6.67366167e-01 3.76898531e+00 1.72593209e-01
 6.91242215e-01 3.72501075e+00 6.92330341e-01
 7.03972923e-01 4.65581158e-01 5.57243897e+00
 7.62100875e-01 1.00954445e+00 5.33663427e+00
 7.63717106e-01 3.55306747e+00 1.53165815e+00
 8.09422668e-01 1.64008380e+00 4.90421207e+00
 8.20687057e-01 3.26469473e+00 2.44074445e+00
 8.46228393e-01 2.26268155e+00 4.24684471e+00
 8.60039781e-01 2.81587605e+00 3.39151571e+00
 8.87574671e-01 1.96127211e-02 5.37671232e+00
 8.90220503e-01 3.58105609e+00 1.16837736e-01
 9.80298078e-01 3.45583954e+00 6.92661874e-01
 9.83677229e-01 4.94603218e-01 5.17116904e+00
 1.07061974e+00 1.06534379e+00 4.80939770e+00
 1.07417793e+00 3.19923263e+00 1.60820548e+00
 1.13043613e+00 2.82919091e+00 2.54741134e+00
 1.13430842e+00 1.69457929e+00 4.23780627e+00
 1.15444372e+00 2.30739746e+00 3.46787405e+00
 1.15623887e+00 3.26343776e+00 7.38001052e-02
 1.17241735e+00 1.38301772e-02 4.86091634e+00
 1.26606233e+00 5.06593759e-01 4.58217654e+00
 1.26658097e+00 3.05025530e+00 7.92353880e-01
 1.35600165e+00 1.09211276e+00 4.09484282e+00
 1.35925508e+00 2.72053136e+00 1.64891662e+00
 1.41421356e+00 1.99625093e-16 4.24264069e+00
 1.41421356e+00 2.82842712e+00 3.93827921e-16
 1.41512120e+00 1.69837822e+00 3.38921650e+00
 1.41649252e+00 2.26435605e+00 2.53090828e+00
 1.52134114e+00 2.54635603e+00 7.62135054e-01
 1.52176497e+00 4.85995118e-01 3.82448062e+00
 1.60383939e+00 2.13741985e+00 1.60312965e+00
 1.60571001e+00 1.06551689e+00 3.20012097e+00
 1.62941594e+00 1.64213116e+00 2.45717216e+00
 1.63089719e+00 2.31339995e+00 1.41335269e-01
 1.65287277e+00 1.68905963e-01 3.36866647e+00
 1.72309340e+00 1.97255659e+00 7.23766848e-01
 1.72630733e+00 4.65818144e-01 2.94797341e+00
 1.74958441e+00 1.56479874e-01 2.89749828e+00
 1.77601583e+00 1.52399895e+00 1.54470747e+00
 1.77690897e+00 1.00130345e+00 2.30813369e+00
 1.79305421e+00 1.77067547e+00 1.01011855e-01
 1.85290796e+00 4.78766219e-01 2.14122635e+00
 1.86010258e+00 1.39157147e+00 7.09299349e-01
 1.88900536e+00 9.31665205e-01 1.38993838e+00
 1.89137282e+00 1.28842241e+00 2.63262337e-01
 1.90008704e+00 1.25180676e-01 1.86326737e+00
 1.92713576e+00 9.31447582e-01 7.89456787e-01
 1.92912128e+00 1.05386699e+00 8.65431537e-02
 1.94092082e+00 1.68342277e-01 1.42536813e+00
 1.94604980e+00 3.91967122e-01 1.25312631e+00
 1.96732214e+00 5.57388800e-01 6.83927883e-01
 1.98885937e+00 4.20786356e-01 3.94720174e-02
 2.00000000e+00 2.71363241e-16 3.93827921e-16
 2.00000000e+00 2.71363241e-16 3.93827921e-16