 0.          1.        
  0.0043685   0.9333077 
  0.008737    0.90415992
  0.01310551  0.88027606
  0.01747401  0.85869274
  0.02184251  0.83836839
  0.02621101  0.81887632
  0.03057951  0.80006755
  0.03494801  0.78194316
  0.03931652  0.76459332
  0.04368502  0.74816225
  0.04805352  0.73282517
  0.05242202  0.7187711 
  0.05679052  0.70618922
  0.06115903  0.69525736
  0.06552753  0.68613211
  0.06989603  0.67894046
  0.07426453  0.67377264
  0.07863303  0.67067636
  0.08300153  0.66965236
  0.18222878  0.66965207
  0.18620423  0.64668539
  0.19017968  0.62165086
  0.19415514  0.59482074
  0.19813059  0.56651077
  0.20210604  0.53707573
  0.20608149  0.50690407
  0.21005694  0.47641187
  0.21403239  0.44603605
  0.21800785  0.41622708
  0.2219833   0.38744125
  0.22595875  0.36013257
  0.2299342   0.33474455
  0.23390965  0.31170201
  0.2378851   0.29140289
  0.24186056  0.27421047
  0.24583601  0.26044593
  0.24981146  0.2503815 
  0.25378691  0.2442343 
  0.25776236  0.24216109
  0.40931367  0.24216109
  0.41165938  0.21095556
  0.41400509  0.18023305
  0.4163508   0.15016037
  0.4186965   0.1209025 
  0.42104221  0.09262168
  0.42338792  0.06547642
  0.42573362  0.03962059
  0.42807933  0.01520248
  0.43042504 -0.00763613
  0.43277074 -0.02876079
  0.43511645 -0.04804524
  0.43746216 -0.06537224
  0.43980786 -0.08063427
  0.44215357 -0.09373431
  0.44449928 -0.10458644
  0.44684498 -0.11311645
  0.44919069 -0.11926241
  0.4515364  -0.1229751 
  0.4538821  -0.12421844
  0.61839679 -0.12421844
  0.62019232 -0.15508757
  0.62198784 -0.18494888
  0.62378336 -0.21370399
  0.62557888 -0.24125755
  0.6273744  -0.26751753
  0.62916992 -0.29239557
  0.63096545 -0.31580729
  0.63276097 -0.33767256
  0.63455649 -0.35791581
  0.63635201 -0.3764663 
  0.63814753 -0.39325837
  0.63994305 -0.40823165
  0.64173857 -0.42133137
  0.6435341  -0.43250846
  0.64532962 -0.44171983
  0.64712514 -0.4489285 
  0.64892066 -0.45410376
  0.65071618 -0.45722129
  0.6525117  -0.45826333
  0.8233318  -0.45826333
  0.82483185 -0.48835766
  0.82633191 -0.51726352
  0.82783197 -0.54491376
  0.82933202 -0.57124381
  0.83083208 -0.59619184
  0.83233214 -0.61969888
  0.83383219 -0.64170898
  0.83533225 -0.66216937
  0.8368323  -0.68103054
  0.83833236 -0.69824641
  0.83983242 -0.7137744 
  0.84133247 -0.7275756 
  0.84283253 -0.73961479
  0.84433258 -0.74986062
  0.84583264 -0.75828562
  0.8473327  -0.76486633
  0.84883275 -0.7695833 
  0.85033281 -0.77242125
  0.85183287 -0.77336901