0.         1.        
 0.01010101 0.89949622
 0.02020202 0.85786619
 0.03030303 0.82592234
 0.04040404 0.79899244
 0.05050505 0.77526671
 0.06060606 0.75381702
 0.07070707 0.73409199
 0.08080808 0.71573238
 0.09090909 0.69848866
 0.1010101  0.68217914
 0.11111111 0.66666667
 0.12121212 0.65184469
 0.13131313 0.63762846
 0.14141414 0.62394928
 0.15151515 0.61075053
 0.16161616 0.59798487
 0.17171717 0.58561229
 0.18181818 0.57359857
 0.19191919 0.56191417
 0.2020202  0.55053343
 0.21212121 0.53943381
 0.22222222 0.52859548
 0.23232323 0.5180008 
 0.24242424 0.50763404
 0.25252525 0.49748109
 0.26262626 0.48752926
 0.27272727 0.47776703
 0.28282828 0.46818398
 0.29292929 0.45877057
 0.3030303  0.44951812
 0.31313131 0.44041863
 0.32323232 0.43146476
 0.33333333 0.42264973
 0.34343434 0.41396728
 0.35353535 0.40541161
 0.36363636 0.39697731
 0.37373737 0.38865936
 0.38383838 0.38045308
 0.39393939 0.37235409
 0.4040404  0.36435827
 0.41414141 0.3564618 
 0.42424242 0.34866105
 0.43434343 0.34095263
 0.44444444 0.33333333
 0.45454545 0.32580014
 0.46464646 0.31835019
 0.47474747 0.31098079
 0.48484848 0.30368938
 0.49494949 0.29647353
 0.50505051 0.28933095
 0.51515152 0.28225944
 0.52525253 0.27525692
 0.53535354 0.26832143
 0.54545455 0.26145105
 0.55555556 0.25464401
 0.56565657 0.24789857
 0.57575758 0.24121309
 0.58585859 0.234586  
 0.5959596  0.22801581
 0.60606061 0.22150106
 0.61616162 0.21504037
 0.62626263 0.20863243
 0.63636364 0.20227596
 0.64646465 0.19596975
 0.65656566 0.18971261
 0.66666667 0.18350342
 0.67676768 0.17734109
 0.68686869 0.17122459
 0.6969697  0.16515289
 0.70707071 0.15912503
 0.71717172 0.15314008
 0.72727273 0.14719713
 0.73737374 0.14129531
 0.74747475 0.13543378
 0.75757576 0.12961172
 0.76767677 0.12382835
 0.77777778 0.1180829 
 0.78787879 0.11237464
 0.7979798  0.10670285
 0.80808081 0.10106685
 0.81818182 0.09546597
 0.82828283 0.08989955
 0.83838384 0.08436697
 0.84848485 0.07886763
 0.85858586 0.07340092
 0.86868687 0.06796627
 0.87878788 0.06256313
 0.88888889 0.05719096
 0.8989899  0.05184922
 0.90909091 0.04653741
 0.91919192 0.04125503
 0.92929293 0.03600159
 0.93939394 0.03077663
 0.94949495 0.02557969
 0.95959596 0.02041031
 0.96969697 0.01526807
 0.97979798 0.01015255
 0.98989899 0.00506332
 1.         0.        